FN_E5_CC_15_C12.mpt DisCap,FN_E5_CC_16_C14.mpt DisCap,FN_E5_Swagelok_12_CB1.mpt DisCap,FN_E5_Swagelok_13_CB2.mpt DisCap
685.7319364549129,619.644517851012,793.5508915531028,758.3230561459097
705.3057344936336,708.5557148192197,676.18412258737,700.7850610933766
706.9884785948253,751.011416860593,626.2160591943823,683.7340914480449
701.3655501067858,737.5062592181782,591.7609161381745,666.852786476625
698.1343231336768,730.5865281305714,565.4869644964987,652.6432955052151
688.9653519228907,720.9133370899496,515.4606525528619,611.4495302247292
620.2817665227105,683.071059256399,500.9433612549067,596.6943818144928
621.9283904335259,684.0406593818674,490.64579152237206,589.3594485603955
622.3112146364998,680.914534247667,480.0846673500551,584.6025538688631
617.0631882101869,675.5734856939214,471.89964163958587,576.1507394276148
610.0189267645777,672.3789994575534,435.4666339082747,525.4416717355163
516.1491760326388,620.2998550306704,428.857595422464,497.690133105931
525.5001922061435,622.6698070596651,425.50060505919384,482.8940900573943
525.1150064430362,620.5294487012762,422.0897745654339,471.2622841982619
526.1461571945011,620.3852430433935,421.3144899464428,468.803186964535
528.8233046015193,619.2852848802421,399.75355398820403,414.07448681229096
457.58781030209946,577.5017224781022,396.99151115880056,398.582572986825
462.8991021313213,580.5757607530978,395.2746482116825,391.433297905874
460.6678880525573,580.0713803685284,394.99945091518185,386.2114282468129
461.04628563716244,579.6176371747254,394.0450877448918,381.6058626042245
462.1870962390981,578.8087862807172,459.81356111756827,498.4501014325396
693.0071179043318,701.4109867636098,451.88673488577376,570.4970886515204
683.3765231898667,689.9468974366638,436.99401732366283,570.2683356013853
680.0884817558898,684.6879431403124,421.9070898515254,557.8811691088076
676.4694535767453,680.8032901674571,409.30539500670886,546.2131017725385
673.4245423900691,676.2108696653818,394.3654293320024,535.9952721450721
668.857090877724,673.9800172268459,380.67880253254776,527.5912975555362
666.6922101742101,671.9318487343127,367.0989343581606,516.7372171184343
664.73813671013,668.872875075426,354.1339202142368,507.040422143577
660.4538931623258,668.628197086283,342.90064346366285,498.61266807186337
661.4300561745312,666.2611305490311,332.66296002341113,
658.1372796111848,664.2531057960751,321.8433255021455,
655.3519104624858,663.5093566957743,311.67760974463835,
657.169691139463,660.1924340883512,303.0061500724842,
651.6120222277688,658.2643944123121,294.44177311948187,
650.7799563793485,658.3349385261628,288.2069901114013,
651.3208746035834,655.8541616657672,282.4316913210223,
648.8104502607508,654.3190573468445,,
647.3330001448576,651.7757952043085,,
644.6046748745097,650.504016054001,,
643.1805872489738,648.11296242655,,
640.8410765994066,646.8758829788519,,
639.568416886174,646.5749927370684,,
639.4580115133824,644.3060825958538,,
637.7665512991956,643.2707803748743,,
636.7533310642332,641.4206777669336,,
634.9016197503615,639.3435016172941,,
633.1841407454804,638.0695837648103,,
632.5382807717208,636.8776214310542,,
631.3207655390369,635.9334676329556,,
630.547380136796,634.0659554045285,,
628.8183279985718,633.6541811793054,,
628.7810223376902,631.4661485780729,,
626.7157622946606,631.2495979949181,,
626.5651711301631,629.1727541848819,,
624.3596424251716,627.9372259477279,,
623.4539560852398,627.3509950878911,,
622.4409942118486,,,
